[[0.3333333333333332, 0.33333333333333326, 0.3333333333333333],
[0.37037037037037024, 0.2962962962962963, 0.3333333333333333],
[0.2962962962962963, 0.37037037037037035, 0.3333333333333333]]



[[0.16666666666666713, 0.16666666666666713, 0.16666666666666713, 0.1666666666666671, 0.16666666666666705, 0.1666666666666669],
[0.20586848422496634, 0.15228480795610466, 0.15496399176954773, 0.15817901234567944, 0.16203703703703737, 0.1666666666666669],
[0.1827203360768181, 0.19611625514403352, 0.14521176268861496, 0.15110596707818968, 0.15817901234567938, 0.1666666666666669],
[0.16343021262002788, 0.17682613168724332, 0.19290123456790176, 0.1452117626886149, 0.15496399176954767, 0.1666666666666669],
[0.14735510973936938, 0.16075102880658482, 0.17682613168724326, 0.19611625514403344, 0.1522848079561046, 0.1666666666666669],
[0.13395919067215395, 0.14735510973936938, 0.16343021262002783, 0.18272033607681804, 0.20586848422496618, 0.1666666666666669]]

[0, 0, 0, 0, 0, 0]
[1829, -671, -546, -396, -216, 0]
[749, 1374, -1001, -726, -396, 0]
[-151, 474, 1224, -1001, -546, 0]
[-901, -276, 474, 1374, -671, 0]
[-1526, -901, -151, 749, 1829, 0]


RAW DATA

min probability is always:
largest smallest..second largest

max
2: ambiguous

3:
[2, 3, 1]
[2, 1, 3]
[1, 3, 2]

4:
[2, 1, 4, 3]

5:
[2, 3, 1, 5, 4]
[2, 1, 4, 5, 3]

6:
[2, 3, 1, 5, 6, 4]

7:
[2, 3, 1, 5, 6, 7, 4]

8:
[2, 3, 4, 1, 6, 7, 8, 5]

9:
[2, 3, 4, 5, 1, 7, 8, 9, 6]
[2, 3, 4, 1, 6, 7, 8, 9, 5]


